500 0.001205 0.000080 0.000325 0.000069 0.000147
1000 0.003049 0.000154 0.000646 0.000126 0.000267
1500 0.006158 0.000210 0.000568 0.000191 0.000351
2000 0.012959 0.000285 0.000646 0.000217 0.000459
2500 0.018308 0.000350 0.000876 0.000268 0.000557
3000 0.024341 0.000464 0.000836 0.000328 0.000679
3500 0.030650 0.000512 0.001014 0.000399 0.000811
4000 0.042101 0.000609 0.001139 0.000442 0.000942
4500 0.050904 0.000687 0.001315 0.000514 0.001072
5000 0.064261 0.000803 0.001430 0.000577 0.001206
10000 0.294973 0.001807 0.003176 0.001229 0.002667
15000 0.859939 0.002747 0.004437 0.001975 0.004089
20000 1.407685 0.004076 0.005768 0.003025 0.005779
25000 2.131240 0.005497 0.008127 0.003501 0.007479
30000 3.659476 0.006575 0.011142 0.004531 0.010463
35000 4.452888 0.007545 0.010592 0.004908 0.010639
40000 5.526363 0.008904 0.011630 0.005741 0.012340
45000 6.975149 0.010291 0.013557 0.006629 0.014885
50000 8.599346 0.011448 0.014774 0.007327 0.016087
100000 34.591341 0.025867 0.029327 0.015402 0.034140
